0, 0
1, 1
2, 2
3, 3
4, 4
5, 5
6, 6
7, 7
8, 8
9, 9
10, 10
11, 11
12, 12
13, 13
14, 14
15, 15
16, 16
17, 17
18, 18
19, 19
20, 20
21, 21
22, 22
23, 23
24, 24
25, 25
26, 26
27, 26
28, 26
29, 26
30, 26
31, 26
32, 26
33, 26
34, 26
35, 26
36, 26
37, 26
38, 26
39, 26
40, 26
41, 26
42, 26
43, 26
44, 26
45, 26
46, 26
47, 26
48, 26
49, 26
50, 26
51, 26
52, 26
52, 26
52, 26
52, 26
52, 26
52, 26
52, 26
52, 26
52, 26
52, 26
52, 26
52, 26
52, 26
52, 26
52, 26
52, 26
52, 26
51, 25
51, 25
51, 25
51, 25
51, 25
51, 25
51, 25
51, 25
51, 25
51, 25
51, 25
51, 25
51, 25
51, 25
51, 25
51, 25
52, 26
52, 26
52, 26
52, 26
52, 26
52, 26
52, 26
52, 26
52, 26
52, 26
52, 26
52, 26
52, 26
52, 26
52, 26
52, 26
52, 26
52, 26
52, 26
52, 26
52, 26
52, 26
52, 26
52, 26
52, 26
52, 26
52, 26
52, 26
52, 26
52, 26
52, 26
52, 26
52, 26
52, 26
52, 26
52, 26
52, 26
52, 26
52, 26
52, 26
52, 26
52, 26
52, 26
52, 26
52, 26
52, 26
52, 26
52, 26
52, 26
52, 26
52, 26
52, 26
52, 26
52, 26
52, 26
52, 26
52, 26
52, 26
52, 26
52, 26
52, 26
52, 26
52, 26
52, 26
52, 26
52, 26
52, 26
52, 26
52, 26
52, 26
52, 26
52, 26
52, 26
52, 26
52, 26
52, 26
52, 26
52, 26
52, 26
52, 26
52, 26
52, 26
52, 26
52, 26
52, 26
52, 26
52, 26
52, 26
52, 26
52, 26
52, 26
52, 26
52, 26
52, 26
51, 25
50, 24
49, 23
48, 22
47, 21
46, 20
45, 19
44, 18
43, 17
42, 16
41, 15
40, 14
39, 13
38, 12
37, 11
36, 10
35, 9
34, 8
33, 7
32, 6
31, 5
30, 4
29, 3
28, 2
27, 1
26, 0
25, 0
24, 0
23, 0
22, 0
21, 0
20, 0
19, 0
18, 0
17, 0
16, 0
15, 0
14, 0
13, 0
12, 0
11, 0
10, 0
9, 0
8, 0
7, 0
6, 0
5, 0
4, 0
3, 0
2, 0
1, 0
0, 0
0, 0
0, 0
0, 0
0, 0
0, 0
0, 0
0, 0
0, 0
0, 0
0, 0
0, 0
0, 0
0, 0
0, 0
0, 0
0, 0
1, 1
2, 2
3, 3
4, 4
5, 5
6, 6
7, 7
8, 8
9, 9
10, 10
11, 11
12, 12
13, 13
14, 14
15, 15
16, 16
17, 17
18, 18
19, 19
20, 20
21, 21
22, 22
23, 23
24, 24
25, 25
26, 26
27, 26
28, 26
29, 26
30, 26
31, 26
32, 26
33, 26
34, 26
35, 26
36, 26
37, 26
38, 26
39, 26
40, 26
41, 26
42, 26
43, 26
44, 26
45, 26
46, 26
47, 26
48, 26
49, 26
50, 26
51, 26
52, 26
52, 26
52, 26
52, 26
52, 26
52, 26
52, 26
52, 26
52, 26
52, 26
52, 26
52, 26
52, 26
52, 26
52, 26
52, 26
52, 26
52, 26
52, 26
52, 26
52, 26
52, 26
52, 26
52, 26
52, 26
52, 26
52, 26
52, 26
52, 26
52, 26
52, 26
52, 26
52, 26
51, 25
50, 24
49, 23
48, 22
47, 21
46, 20
45, 19
44, 18
43, 17
42, 16
41, 15
40, 14
41, 15
42, 16
43, 17
44, 18
45, 19
46, 20
47, 21
48, 22
49, 23
50, 24
51, 25
52, 26
52, 26
52, 26
52, 26
52, 26
52, 26
52, 26
52, 26
52, 26
52, 26
